  3.73437500
  3.71875000
  3.75000000
  3.75000000
  3.71875000
  3.73437500
____________
  1.98437500
  1.92187500
  2.03125000
  2.00000000
  2.01562500
  1.95312500
____________
  1.09375000
  1.07812500
  1.00000000
  1.07812500
  1.10937500
  1.03125000
____________
  0.95312500
  0.95312500
  0.96875000
  0.93750000
  0.90625000
  0.96875000
____________
  0.71875000
  0.70312500
  0.75000000
  0.73437500
  0.67187500
  0.71875000
____________
  0.68750000
  0.65625000
  0.67187500
  0.67187500
  0.65625000
  0.68750000
____________
  0.81250000
  0.78125000
  0.78125000
  0.78125000
  0.78125000
  0.78125000
____________
  1.28125000
  1.26562500
  1.26562500
  1.25000000
  1.28125000
  1.26562500
____________
  2.73437500
  2.73437500
  2.73437500
  2.71875000
  2.75000000
  2.73437500
____________
 12.06250000
 12.07812500
 11.95312500
 12.15625000
 12.15625000
 12.07812500
____________