 31.78125000
 31.81250000
 31.82812500
 31.78125000
____________
 18.84375000
 19.06250000
 18.84375000
 18.96875000
____________
 11.73437500
 11.32812500
 11.67187500
 11.68750000
____________
  7.06250000
  6.95312500
  6.95312500
  6.79687500
____________
  6.68750000
  6.71875000
  6.43750000
  6.68750000
____________
  5.00000000
  5.04687500
  5.03125000
  5.09375000
____________
  5.15625000
  5.17187500
  5.21875000
  5.18750000
_____________
  6.37500000
  6.34375000
  6.39062500
  6.37500000
____________
 10.20312500
 10.26562500
 10.21875000
 10.20312500
____________
 22.43750000
 22.42187500
 22.50000000
 22.53125000
____________