  0.07812500
  0.04687500
  0.04687500
  0.07812500
  0.04687500
  0.03125000
____________
  0.03125000
  0.01562500
  0.03125000
  0.03125000
  0.03125000
  0.03125000
____________
  0.01562500
  0.01562500
  0.01562500
  0.01562500
  0.01562500
  0.03125000
____________
  0.01562500
  0.01562500
  0.00000000
  0.03125000
  0.01562500
  0.01562500
____________
  0.00000000
  0.01562500
  0.01562500
  0.01562500
  0.00000000
  0.01562500
____________
  0.03125000
  0.01562500
  0.01562500
  0.01562500
  0.01562500
  0.01562500
____________
  0.03125000
  0.03125000
  0.07812500
  0.04687500
  0.04687500
  0.06250000
____________
  0.17187500
  0.20312500
  0.17187500
  0.20312500
  0.17187500
  0.18750000
____________
  0.85937500
  0.84375000
  0.85937500
  0.82812500
  0.84375000
  0.84375000
____________