.406250000
.375000000
.421875000
.421875000
.375000000
.453125000
.406250000
  0.40625000
__________
.234375000
.234375000
.218750000
.250000000
.218750000
.187500000
.187500000
.171875000
__________
.156250000
.140625000
.125000000
.140625000
.140625000
.125000000
.140625000
.140625000
__________
.109375000
.093750000
.125000000
.156250000
.093750000
.093750000
.125000000
.140625000
__________
.093750000
.109375000
.125000000
.093750000
.093750000
.093750000
.093750000
.125000000
__________
.171875000
.156250000
.171875000
.125000000
.156250000
.140625000
.109375000
.109375000
__________
.156250000
.218750000
.203125000
.171875000
.187500000
.234375000
.171875000
.203125000
__________
.343750000
.390625000
.343750000
.359375000
.312500000
.343750000
.359375000
.375000000
__________
1.39062500
  1.40625000
  1.37500000
  1.37500000
  1.39062500
  1.39062500
  1.37500000
  1.39062500
__________
